1012345678901 0
1023456789012 0
2023456789012 0
1123456789012 0
1134567890123 0
2134567890123 0
4023456789012 0
2134567890123 0
1234567890123 0
3134567890123 0
1245678901234 0
5023456789012 0
2234567890123 0
2245678901234 0
6023456789012 0
3245678901234 0
1356789012345 0
7023456789012 0
5134567890123 0
3245678901234 0
2345678901234 0
2356789012345 0
8023456789012 0
6134567890123 0
3345678901234 0
9012345678901 0
1912345678901 0
3356789012345 0
9023456789012 0
1467890123456 0
7134567890123 0
3801234567890 0
4356789012345 0
2467890123456 0
8134567890123 0
4801234567890 0
6245678901234 0
2912345678901 0
4356789012345 0
3456789012345 0
3467890123456 0
9134567890123 0
5801234567890 0
1578901234567 0
7245678901234 0
4456789012345 0
4467890123456 0
6801234567890 0
2578901234567 0
8245678901234 0
4912345678901 0
5467890123456 0
7801234567890 0
3578901234567 0
9245678901234 0
5912345678901 0
1689012345678 0
7356789012345 0
5467890123456 0
4567890123456 0
8801234567890 0
4578901234567 0
6912345678901 0
2689012345678 0
8356789012345 0
5567890123456 0
9801234567890 0
5578901234567 0
7912345678901 0
3689012345678 0
9356789012345 0
9801234567890 0
8901234567890 0
6578901234567 0
8912345678901 0
4689012345678 0
2790123456789 0
8467890123456 0
6578901234567 0
9901234567890 0
5678901234567 0
9912345678901 0
5689012345678 0
3790123456789 0
9467890123456 0
6678901234567 0
6689012345678 0
4790123456789 0
7689012345678 0
5790123456789 0
9578901234567 0
7689012345678 0
6789012345678 0
6790123456789 0
7789012345678 0
7790123456789 0
8790123456789 0
8790123456789 0
7890123456789 0
8890123456789 0
